The eigenvectors:
0.00153365 0.101251 -0.00326143 -0.191785 -0.273037 0.191032 -0.0336975 -0.0962361 0.0655817 0.719565 -0.0617045 0.233963 -0.288963 0.220957 -0.344342 
-0.263062 -0.267285 0.539814 -0.0483272 0.0517749 -0.357554 -0.27864 0.00809331 0.259131 0.040056 -0.0910363 0.117978 0.0279602 -0.4011 -0.32368 
0.0464056 -0.126289 0.495989 0.49463 0.0350038 0.338871 0.299124 -0.189026 -0.111322 0.104479 0.199719 -0.317682 -0.284119 -0.071435 0.00475939 
-0.0846488 -0.0200058 0.0141744 0.0882122 0.0800041 0.0488702 0.163607 -0.455254 0.107979 -0.353535 -0.617873 0.0405248 -0.0295982 0.354521 -0.308257 
0.319535 -0.124681 -0.0839445 0.131501 -0.420677 -0.27711 0.0121009 -0.316201 -0.587912 -0.0163201 0.0214322 0.11452 0.196863 -0.232801 -0.227356 
-0.0284748 -0.104675 -0.195936 0.0785559 1.25034e-05 -0.274053 0.477081 0.594106 -0.10624 0.000669253 -0.214168 -0.163591 -0.294568 -0.0796657 -0.333112 
0.0141687 -0.0178994 -0.0257194 -0.0526717 0.13054 -0.310619 -0.0918324 -0.111049 0.0312043 0.302583 0.074507 -0.710846 0.360467 0.315837 -0.169349 
-0.0159536 -0.0111024 -0.202076 -0.165887 -0.484934 0.30719 0.148806 -0.0796931 0.461981 -0.247548 0.209647 -0.271158 0.123514 -0.289161 -0.286695 
0.0477946 0.00343745 -0.220497 -0.280269 0.197842 -0.371612 0.145423 -0.483645 0.110882 0.00854222 0.157679 -0.11241 -0.554833 -0.225095 0.172812 
-0.144978 0.792167 -0.00953533 0.138238 0.295748 -0.00487821 0.122369 -0.082005 -0.0745761 0.0399378 0.0839406 0.0648473 0.16239 -0.297404 -0.299724 
0.0239983 0.0686708 0.346911 -0.513145 0.0524952 0.0376679 0.0386645 0.0862764 -0.299911 -0.367376 0.391941 0.0216173 -0.134851 0.333922 -0.298739 
0.561231 -0.0123827 0.194852 0.0183705 0.107883 -0.217498 0.44668 0.00446033 0.410953 0.0762312 0.144626 0.317155 0.271323 0.133526 0.0207522 
0.0325219 -0.000754857 -0.247121 0.532851 -0.0100125 -0.197229 -0.365394 0.0306907 0.20788 -0.179021 0.398385 0.143924 -0.245868 0.29142 -0.283594 
-0.116939 0.44578 0.309026 0.0741333 -0.583058 -0.366142 0.0319246 0.0621944 0.0995886 -0.0939293 -0.110521 -0.105478 -0.139801 0.187148 0.333257 
-0.681555 -0.209481 -0.108906 0.0628078 -0.0701041 -0.126063 0.418306 -0.152146 -0.057906 0.0911015 0.305043 0.245634 0.239572 0.164919 0.0850153 
The eigenvalues:
7.70792e-05
0.00012175
0.00014424
0.000185115
0.000267276
0.000452937
0.000603779
0.00133368
0.00139979
0.00408862
0.00940491
0.0328132
0.132727
0.174139
0.188573
